prova2
    1.000000       0.000000    
   0.9916015      0.1859704E-02
   0.9807633      0.4359414E-02
   0.9686056      0.7286677E-02
   0.9551186      0.1064888E-01
   0.9404307      0.1442553E-01
   0.9247537      0.1858286E-01
   0.9083067      0.2308477E-01
   0.8912492      0.2789604E-01
   0.8737054      0.3297023E-01
   0.8557907      0.3826150E-01
   0.8375897      0.4373043E-01
   0.8191969      0.4931898E-01
   0.8008104      0.5492199E-01
   0.7826648      0.6040678E-01
   0.7648806      0.6568176E-01
   0.7474692      0.7069743E-01
   0.7303797      0.7542816E-01
   0.7135056      0.7987666E-01
   0.6967605      0.8406182E-01
   0.6800904      0.8799695E-01
   0.6634663      0.9169022E-01
   0.6468705      0.9514159E-01
   0.6302717      0.9835271E-01
   0.6136418      0.1013307    
   0.5969656      0.1040808    
   0.5802320      0.1066062    
   0.5634307      0.1089106    
   0.5465580      0.1109981    
   0.5296164      0.1128724    
   0.5126175      0.1145356    
   0.4955750      0.1159874    
   0.4785008      0.1172285    
   0.4614154      0.1182606    
   0.4443493      0.1190816    
   0.4273238      0.1196860    
   0.4103512      0.1200684    
   0.3934336      0.1202255    
   0.3765757      0.1201572    
   0.3597944      0.1198638    
   0.3431082      0.1193428    
   0.3265356      0.1185912    
   0.3100913      0.1176052    
   0.2937881      0.1163817    
   0.2776391      0.1149190    
   0.2616627      0.1132179    
   0.2458892      0.1112813    
   0.2303550      0.1091119    
   0.2151032      0.1067123    
   0.2001718      0.1040835    
   0.1855967      0.1012320    
   0.1714285      0.9817353E-01
   0.1577322      0.9492755E-01
   0.1445737      0.9151611E-01
   0.1320188      0.8796577E-01
   0.1201244      0.8430621E-01
   0.1089392      0.8057080E-01
   0.9849521E-01  0.7679401E-01
   0.8881020E-01  0.7301190E-01
   0.7988346E-01  0.6925848E-01
   0.7170113E-01  0.6556345E-01
   0.6423289E-01  0.6194398E-01
   0.5743407E-01  0.5841179E-01
   0.5125408E-01  0.5497550E-01
   0.4564032E-01  0.5163937E-01
   0.4054038E-01  0.4840618E-01
   0.3590548E-01  0.4527605E-01
   0.3169132E-01  0.4224497E-01
   0.2785642E-01  0.3930871E-01
   0.2436325E-01  0.3646352E-01
   0.2117991E-01  0.3370342E-01
   0.1827817E-01  0.3102213E-01
   0.1563236E-01  0.2841458E-01
   0.1322047E-01  0.2587594E-01
   0.1102943E-01  0.2339587E-01
   0.9049024E-02  0.2096366E-01
   0.7269452E-02  0.1857160E-01
   0.5680761E-02  0.1621499E-01
   0.4271543E-02  0.1389260E-01
   0.3031073E-02  0.1160462E-01
   0.1950760E-02  0.9351501E-02
   0.1064466E-02  0.7116808E-02
   0.4330097E-03  0.4882379E-02
   0.9885176E-04  0.2653005E-02
   0.8439994E-05  0.4544176E-03
   0.8311327E-04 -0.1714773E-02
   0.3540880E-03 -0.3863293E-02
   0.9039518E-03 -0.5955838E-02
   0.1799595E-02 -0.7934444E-02
   0.3074371E-02 -0.9720036E-02
   0.4723831E-02 -0.1122691E-01
   0.6692493E-02 -0.1240906E-01
   0.8910609E-02 -0.1327857E-01
   0.1131748E-01 -0.1392382E-01
   0.1389346E-01 -0.1440992E-01
   0.1664292E-01 -0.1477261E-01
   0.1957752E-01 -0.1505786E-01
   0.2271726E-01 -0.1528093E-01
   0.2608969E-01 -0.1544006E-01
   0.2972876E-01 -0.1553502E-01
   0.3367599E-01 -0.1556663E-01
   0.3798272E-01 -0.1553056E-01
   0.4271368E-01 -0.1542149E-01
   0.4795008E-01 -0.1523702E-01
   0.5379155E-01 -0.1497782E-01
   0.6035675E-01 -0.1463444E-01
   0.6779161E-01 -0.1418777E-01
   0.7626997E-01 -0.1361750E-01
   0.8598563E-01 -0.1290039E-01
   0.9713541E-01 -0.1201045E-01
   0.1098838     -0.1092717E-01
   0.1243026     -0.9643661E-02
   0.1403246     -0.8172298E-02
   0.1577158     -0.6547471E-02
   0.1761398     -0.4811370E-02
   0.1952229     -0.3015322E-02
   0.2146660     -0.1204468E-02
   0.2342863      0.5918395E-03
   0.2539820      0.2356482E-02
   0.2736937      0.4079330E-02
   0.2933843      0.5752495E-02
   0.3130306      0.7368374E-02
   0.3326242      0.8919227E-02
   0.3521711      0.1040196E-01
   0.3716608      0.1181509E-01
   0.3910760      0.1315085E-01
   0.4104212      0.1440161E-01
   0.4297036      0.1556348E-01
   0.4489253      0.1663387E-01
   0.4680808      0.1760938E-01
   0.4871631      0.1848396E-01
   0.5061754      0.1925004E-01
   0.5251374      0.1990020E-01
   0.5440835      0.2043456E-01
   0.5630254      0.2085711E-01
   0.5819607      0.2117000E-01
   0.6008798      0.2137211E-01
   0.6197829      0.2145937E-01
   0.6386827      0.2143036E-01
   0.6575877      0.2128582E-01
   0.6765056      0.2102626E-01
   0.6954443      0.2065414E-01
   0.7143984      0.2017460E-01
   0.7333481      0.1958994E-01
   0.7522736      0.1889919E-01
   0.7711665      0.1809680E-01
   0.7900387      0.1717972E-01
   0.8088927      0.1615026E-01
   0.8277170      0.1500982E-01
   0.8464981      0.1376042E-01
   0.8652009      0.1241000E-01
   0.8837476      0.1097153E-01
   0.9020053      0.9463993E-02
   0.9197675      0.7914789E-02
   0.9367576      0.6361587E-02
   0.9526415      0.4853302E-02
   0.9671133      0.3424727E-02
   0.9800299      0.2096822E-02
   0.9913736      0.9091014E-03
    1.000000       0.000000    
