#    s        x        y     Ue/Vinf    Dstar     Theta      Cf       H       H*        P         m          K          tau         Di
   0.00000  1.00000  0.00000  0.91846  0.009135  0.005337  0.001804    1.7116    1.6590  0.00450  0.00839  0.00686
   0.00704  0.99302  0.00095  0.92877  0.008580  0.005114  0.001973    1.6778    1.6691  0.00441  0.00797  0.00684
   0.01784  0.98235  0.00256  0.94124  0.007987  0.004858  0.002171    1.6441    1.6798  0.00430  0.00752  0.00680
   0.03097  0.96938  0.00465  0.95664  0.007333  0.004564  0.002423    1.6068    1.6922  0.00418  0.00702  0.00676
   0.04530  0.95524  0.00698  0.97184  0.006765  0.004294  0.002673    1.5755    1.7032  0.00406  0.00657  0.00671
   0.05996  0.94078  0.00935  0.98551  0.006307  0.004064  0.002898    1.5517    1.7120  0.00395  0.00622  0.00666
   0.07475  0.92618  0.01174  0.99769  0.005934  0.003869  0.003096    1.5337    1.7189  0.00385  0.00592  0.00661
   0.08959  0.91153  0.01412  1.00891  0.005616  0.003697  0.003279    1.5192    1.7247  0.00376  0.00567  0.00655
   0.10445  0.89687  0.01650  1.01934  0.005338  0.003542  0.003449    1.5073    1.7296  0.00368  0.00544  0.00649
   0.11930  0.88220  0.01888  1.02913  0.005092  0.003400  0.003609    1.4976    1.7338  0.00360  0.00524  0.00643
   0.13416  0.86753  0.02126  1.03848  0.004869  0.003269  0.003761    1.4893    1.7374  0.00353  0.00506  0.00636
   0.14903  0.85286  0.02363  1.04759  0.004662  0.003146  0.003910    1.4821    1.7407  0.00345  0.00488  0.00630
   0.16391  0.83818  0.02601  1.05659  0.004467  0.003027  0.004059    1.4756    1.7437  0.00338  0.00472  0.00623
   0.17877  0.82350  0.02839  1.06547  0.004282  0.002913  0.004207    1.4699    1.7465  0.00331  0.00456  0.00615
   0.19363  0.80883  0.03076  1.07428  0.004108  0.002804  0.004353    1.4649    1.7490  0.00324  0.00441  0.00608
   0.20849  0.79416  0.03313  1.08304  0.003941  0.002698  0.004499    1.4607    1.7513  0.00317  0.00427  0.00600
   0.22333  0.77951  0.03549  1.09178  0.003783  0.002596  0.004644    1.4571    1.7533  0.00309  0.00413  0.00592
   0.23817  0.76486  0.03784  1.10054  0.003631  0.002497  0.004787    1.4544    1.7550  0.00302  0.00400  0.00584
   0.25299  0.75022  0.04018  1.10932  0.003486  0.002400  0.004928    1.4526    1.7564  0.00295  0.00387  0.00575
   0.26780  0.73560  0.04250  1.11815  0.003348  0.002306  0.005064    1.4520    1.7574  0.00288  0.00374  0.00566
   0.28260  0.72098  0.04481  1.12703  0.003216  0.002214  0.005193    1.4528    1.7578  0.00281  0.00362  0.00557
   0.29737  0.70638  0.04709  1.13595  0.003092  0.002125  0.005309    1.4554    1.7576  0.00274  0.00351  0.00547
   0.31213  0.69180  0.04935  1.14485  0.002977  0.002038  0.005406    1.4606    1.7565  0.00267  0.00341  0.00537
   0.32687  0.67723  0.05159  1.15369  0.002872  0.001954  0.005473    1.4692    1.7541  0.00260  0.00331  0.00526
   0.34161  0.66265  0.05379  1.16250  0.002778  0.001874  0.005497    1.4826    1.7501  0.00253  0.00323  0.00515
   0.35635  0.64808  0.05597  1.17134  0.002698  0.001796  0.005460    1.5028    1.7439  0.00246  0.00316  0.00503
   0.37106  0.63352  0.05811  1.18028  0.002636  0.001720  0.005339    1.5327    1.7345  0.00240  0.00311  0.00490
   0.38575  0.61898  0.06021  1.18930  0.002599  0.001647  0.005090    1.5780    1.7208  0.00233  0.00309  0.00477
   0.40040  0.60448  0.06227  1.19835  0.002602  0.001578  0.004650    1.6491    1.7004  0.00227  0.00312  0.00462
   0.41500  0.59002  0.06427  1.20788  0.002667  0.001511  0.003947    1.7652    1.6704  0.00220  0.00322  0.00445
   0.42956  0.57559  0.06620  1.21967  0.002827  0.001439  0.002931    1.9651    1.6280  0.00214  0.00345  0.00425
   0.44407  0.56120  0.06807  1.23826  0.003120  0.001341  0.001682    2.3276    1.5739  0.00206  0.00386  0.00401
   0.45853  0.54684  0.06985  1.27080  0.003549  0.001183  0.000657    2.9997    1.5236  0.00191  0.00451  0.00370
   0.47295  0.53253  0.07154  1.31840  0.003997  0.000963 -0.000138    4.1508    1.5125  0.00167  0.00527  0.00334
   0.48732  0.51825  0.07314  1.33990  0.004218  0.000868 -0.000294    4.8600    1.5288  0.00156  0.00565  0.00319
   0.50164  0.50400  0.07462  1.34334  0.004215  0.000854 -0.000305    4.9376    1.5290  0.00154  0.00566  0.00316
   0.51592  0.48979  0.07600  1.34678  0.004091  0.000840 -0.000306    4.8699    1.5288  0.00152  0.00551  0.00314
   0.53017  0.47559  0.07725  1.35038  0.003896  0.000826 -0.000298    4.7157    1.5284  0.00151  0.00526  0.00311
   0.54440  0.46142  0.07838  1.35427  0.003661  0.000812 -0.000273    4.5102    1.5281  0.00149  0.00496  0.00308
   0.55860  0.44725  0.07939  1.35854  0.003407  0.000796 -0.000219    4.2779    1.5280  0.00147  0.00463  0.00305
   0.57277  0.43310  0.08026  1.36319  0.003150  0.000780 -0.000123    4.0357    1.5281  0.00145  0.00429  0.00302
   0.58691  0.41898  0.08099  1.36834  0.002902  0.000763  0.000022    3.8013    1.5288  0.00143  0.00397  0.00299
   0.60103  0.40488  0.08159  1.37409  0.002673  0.000745  0.000214    3.5883    1.5306  0.00141  0.00367  0.00296
   0.61512  0.39079  0.08203  1.38040  0.002469  0.000725  0.000445    3.4046    1.5335  0.00138  0.00341  0.00293
   0.62918  0.37673  0.08232  1.38711  0.002291  0.000705  0.000700    3.2513    1.5373  0.00136  0.00318  0.00289
   0.64323  0.36268  0.08246  1.39398  0.002138  0.000684  0.000965    3.1259    1.5415  0.00133  0.00298  0.00286
   0.65725  0.34866  0.08244  1.40076  0.002007  0.000663  0.001230    3.0249    1.5457  0.00130  0.00281  0.00282
   0.67124  0.33467  0.08226  1.40724  0.001895  0.000644  0.001484    2.9447    1.5497  0.00127  0.00267  0.00278
   0.68521  0.32071  0.08191  1.41328  0.001801  0.000625  0.001716    2.8832    1.5532  0.00125  0.00255  0.00274
   0.69917  0.30676  0.08139  1.41872  0.001724  0.000607  0.001912    2.8402    1.5558  0.00122  0.00245  0.00270
   0.71314  0.29281  0.08070  1.42355  0.001661  0.000590  0.002060    2.8149    1.5575  0.00120  0.00236  0.00265
   0.72714  0.27884  0.07985  1.42802  0.001608  0.000574  0.002176    2.8007    1.5584  0.00117  0.00230  0.00261
   0.74116  0.26485  0.07883  1.43241  0.001558  0.000558  0.002280    2.7916    1.5591  0.00115  0.00223  0.00256
   0.75518  0.25088  0.07765  1.43690  0.001508  0.000542  0.002391    2.7827    1.5597  0.00112  0.00217  0.00251
   0.76918  0.23695  0.07630  1.44146  0.001459  0.000526  0.002502    2.7757    1.5602  0.00109  0.00210  0.00246
   0.78315  0.22306  0.07480  1.44611  0.001410  0.000509  0.002614    2.7705    1.5606  0.00106  0.00204  0.00240
   0.79709  0.20922  0.07313  1.45091  0.001362  0.000492  0.002729    2.7669    1.5608  0.00104  0.00198  0.00235
   0.81101  0.19542  0.07128  1.45592  0.001314  0.000475  0.002847    2.7647    1.5610  0.00101  0.00191  0.00229
   0.82488  0.18170  0.06926  1.46129  0.001263  0.000457  0.002987    2.7608    1.5613  0.00098  0.00185  0.00223
   0.83869  0.16806  0.06707  1.46703  0.001210  0.000439  0.003154    2.7549    1.5617  0.00095  0.00178  0.00217
   0.85243  0.15454  0.06468  1.47306  0.001156  0.000421  0.003338    2.7493    1.5621  0.00091  0.00170  0.00210
   0.86608  0.14113  0.06210  1.47948  0.001100  0.000401  0.003553    2.7425    1.5626  0.00088  0.00163  0.00203
   0.87964  0.12786  0.05931  1.48624  0.001044  0.000381  0.003787    2.7373    1.5630  0.00084  0.00155  0.00196
   0.89307  0.11477  0.05630  1.49349  0.000986  0.000361  0.004061    2.7311    1.5635  0.00081  0.00147  0.00188
   0.90631  0.10192  0.05307  1.50126  0.000926  0.000340  0.004384    2.7242    1.5640  0.00077  0.00139  0.00180
   0.91938  0.08933  0.04961  1.50960  0.000865  0.000318  0.004756    2.7182    1.5645  0.00073  0.00131  0.00171
   0.93229  0.07697  0.04588  1.51881  0.000800  0.000295  0.005238    2.7083    1.5653  0.00068  0.00122  0.00162
   0.94485  0.06505  0.04190  1.52869  0.000733  0.000272  0.005837    2.6968    1.5662  0.00064  0.00112  0.00152
   0.95672  0.05392  0.03778  1.53921  0.000660  0.000248  0.006765    2.6668    1.5687  0.00059  0.00102  0.00142
   0.96793  0.04356  0.03348  1.54851  0.000594  0.000224  0.007703    2.6517    1.5700  0.00054  0.00092  0.00131
   0.97875  0.03377  0.02890  1.55797  0.000537  0.000200  0.008254    2.6833    1.5673  0.00049  0.00084  0.00119
   0.98814  0.02547  0.02451  1.57188  0.000469  0.000175  0.009632    2.6752    1.5680  0.00043  0.00074  0.00107
   0.99536  0.01928  0.02078  1.58435  0.000384  0.000152  0.014164    2.5203    1.5827  0.00038  0.00061  0.00096
   1.00122  0.01447  0.01744  1.57631  0.000327  0.000136  0.018824    2.3967    1.5971  0.00034  0.00051  0.00085
   1.00639  0.01045  0.01419  1.54759  0.000321  0.000128  0.016825    2.5042    1.5844  0.00031  0.00050  0.00075
   1.01082  0.00716  0.01122  1.54383  0.000346  0.000118  0.008956    2.9411    1.5499  0.00028  0.00053  0.00067
   1.01427  0.00469  0.00881  1.58662  0.000312  0.000097  0.006522    3.2014    1.5388  0.00025  0.00049  0.00060
   1.01693  0.00289  0.00686  1.64515  0.000212  0.000076  0.019108    2.7982    1.5586  0.00020  0.00035  0.00052
   1.01906  0.00164  0.00513  1.67502  0.000149  0.000059  0.038501    2.5211    1.5826  0.00017  0.00025  0.00044
   1.02090  0.00081  0.00349  1.63509  0.000114  0.000049  0.058859    2.3444    1.6040  0.00013  0.00019  0.00034
   1.02261  0.00033  0.00185  1.50361  0.000099  0.000044  0.066704    2.2738    1.6142  0.00010  0.00015  0.00024
   1.02425  0.00019  0.00021  1.31838  0.000092  0.000040  0.062181    2.2841    1.6126  0.00007  0.00012  0.00015
   1.02583  0.00036 -0.00136  1.10720  0.000083  0.000036  0.058758    2.2743    1.6141  0.00004  0.00009  0.00008
   1.02735  0.00087 -0.00279  0.84010  0.000073  0.000032  0.050841    2.2635    1.6157  0.00002  0.00006  0.00003
   1.02889  0.00180 -0.00402  0.48741  0.000074  0.000034  0.031582    2.1785    1.6296  0.00001  0.00004  0.00001
   1.03064  0.00318 -0.00508  0.18346  0.000108  0.000048  0.007756    2.2295    1.6211  0.00000  0.00002  0.00000
   1.03281  0.00512 -0.00605 -0.03999  0.000108  0.000048  0.001691    2.2295    1.6211  0.00000 -0.00000 -0.00000
   1.03563  0.00777 -0.00703 -0.19323  0.000176  0.000077  0.004709    2.2968    1.6107  0.00000 -0.00003 -0.00000
   1.03933  0.01129 -0.00818 -0.31887  0.000188  0.000085  0.007898    2.2061    1.6249  0.00001 -0.00006 -0.00000
   1.04401  0.01579 -0.00944 -0.43545  0.000227  0.000098  0.008120    2.3126    1.6084  0.00002 -0.00010 -0.00001
   1.04937  0.02102 -0.01060 -0.52331  0.000259  0.000114  0.008825    2.2783    1.6135  0.00003 -0.00014 -0.00003
   1.05568  0.02725 -0.01163 -0.59000  0.000315  0.000134  0.007655    2.3505    1.6032  0.00005 -0.00019 -0.00004
   1.06404  0.03556 -0.01261 -0.64244  0.000376  0.000160  0.006926    2.3565    1.6023  0.00007 -0.00024 -0.00007
   1.07560  0.04708 -0.01359 -0.69342  0.000443  0.000188  0.006359    2.3557    1.6024  0.00009 -0.00031 -0.00010
   1.08837  0.05982 -0.01432 -0.73114  0.000516  0.000217  0.005621    2.3807    1.5991  0.00012 -0.00038 -0.00014
   1.10114  0.07258 -0.01476 -0.75619  0.000585  0.000244  0.005018    2.4010    1.5965  0.00014 -0.00044 -0.00017
   1.11463  0.08608 -0.01500 -0.77470  0.000656  0.000271  0.004512    2.4178    1.5944  0.00016 -0.00051 -0.00020
   1.12884  0.10029 -0.01509 -0.78994  0.000719  0.000297  0.004180    2.4211    1.5940  0.00019 -0.00057 -0.00023
   1.14321  0.11466 -0.01505 -0.80207  0.000782  0.000322  0.003869    2.4299    1.5930  0.00021 -0.00063 -0.00026
   1.15755  0.12900 -0.01489 -0.81167  0.000842  0.000345  0.003602    2.4387    1.5919  0.00023 -0.00068 -0.00029
   1.17197  0.14341 -0.01465 -0.81943  0.000901  0.000368  0.003371    2.4473    1.5909  0.00025 -0.00074 -0.00032
   1.18652  0.15795 -0.01434 -0.82588  0.000957  0.000390  0.003173    2.4545    1.5900  0.00027 -0.00079 -0.00035
   1.20117  0.17260 -0.01397 -0.83146  0.001010  0.000411  0.003013    2.4588    1.5895  0.00028 -0.00084 -0.00038
   1.21586  0.18728 -0.01355 -0.83624  0.001062  0.000431  0.002867    2.4637    1.5890  0.00030 -0.00089 -0.00040
   1.23057  0.20199 -0.01310 -0.84034  0.001113  0.000451  0.002735    2.4688    1.5884  0.00032 -0.00094 -0.00043
   1.24530  0.21671 -0.01262 -0.84390  0.001163  0.000470  0.002617    2.4736    1.5878  0.00033 -0.00098 -0.00045
   1.26007  0.23147 -0.01210 -0.84699  0.001211  0.000489  0.002509    2.4783    1.5873  0.00035 -0.00103 -0.00047
   1.27487  0.24626 -0.01157 -0.84973  0.001258  0.000507  0.002414    2.4821    1.5869  0.00037 -0.00107 -0.00049
   1.28969  0.26108 -0.01103 -0.85223  0.001303  0.000524  0.002331    2.4848    1.5866  0.00038 -0.00111 -0.00051
   1.30454  0.27591 -0.01047 -0.85448  0.001346  0.000541  0.002255    2.4873    1.5863  0.00040 -0.00115 -0.00054
   1.31940  0.29076 -0.00991 -0.85654  0.001389  0.000558  0.002187    2.4895    1.5860  0.00041 -0.00119 -0.00056
   1.33426  0.30561 -0.00934 -0.85844  0.001430  0.000574  0.002125    2.4911    1.5858  0.00042 -0.00123 -0.00058
   1.34913  0.32047 -0.00877 -0.86021  0.001470  0.000590  0.002067    2.4927    1.5857  0.00044 -0.00126 -0.00060
   1.36399  0.33532 -0.00821 -0.86184  0.001509  0.000605  0.002014    2.4942    1.5855  0.00045 -0.00130 -0.00061
   1.37886  0.35018 -0.00764 -0.86336  0.001548  0.000620  0.001965    2.4955    1.5854  0.00046 -0.00134 -0.00063
   1.39372  0.36503 -0.00708 -0.86479  0.001585  0.000635  0.001920    2.4967    1.5852  0.00047 -0.00137 -0.00065
   1.40857  0.37987 -0.00652 -0.86613  0.001622  0.000649  0.001877    2.4979    1.5851  0.00049 -0.00140 -0.00067
   1.42342  0.39471 -0.00597 -0.86739  0.001658  0.000663  0.001836    2.4991    1.5850  0.00050 -0.00144 -0.00069
   1.43826  0.40954 -0.00543 -0.86856  0.001693  0.000677  0.001798    2.5003    1.5848  0.00051 -0.00147 -0.00070
   1.45309  0.42436 -0.00489 -0.86967  0.001727  0.000691  0.001762    2.5014    1.5847  0.00052 -0.00150 -0.00072
   1.46792  0.43918 -0.00437 -0.87073  0.001761  0.000704  0.001729    2.5022    1.5846  0.00053 -0.00153 -0.00074
   1.48274  0.45399 -0.00385 -0.87177  0.001794  0.000717  0.001699    2.5024    1.5846  0.00054 -0.00156 -0.00075
   1.49756  0.46880 -0.00335 -0.87278  0.001825  0.000729  0.001672    2.5023    1.5846  0.00056 -0.00159 -0.00077
   1.51237  0.48361 -0.00286 -0.87377  0.001856  0.000742  0.001647    2.5019    1.5847  0.00057 -0.00162 -0.00078
   1.52719  0.49841 -0.00239 -0.87473  0.001886  0.000754  0.001623    2.5016    1.5847  0.00058 -0.00165 -0.00080
   1.54200  0.51321 -0.00193 -0.87566  0.001916  0.000766  0.001600    2.5013    1.5847  0.00059 -0.00168 -0.00081
   1.55680  0.52801 -0.00148 -0.87657  0.001945  0.000778  0.001578    2.5011    1.5848  0.00060 -0.00170 -0.00083
   1.57160  0.54281 -0.00105 -0.87747  0.001973  0.000789  0.001558    2.5007    1.5848  0.00061 -0.00173 -0.00084
   1.58640  0.55760 -0.00063 -0.87835  0.002001  0.000800  0.001539    2.5001    1.5849  0.00062 -0.00176 -0.00086
   1.60120  0.57239 -0.00023 -0.87923  0.002028  0.000811  0.001521    2.4992    1.5850  0.00063 -0.00178 -0.00087
   1.61599  0.58718  0.00015 -0.88010  0.002054  0.000822  0.001505    2.4983    1.5851  0.00064 -0.00181 -0.00089
   1.63079  0.60197  0.00051 -0.88096  0.002080  0.000833  0.001489    2.4974    1.5852  0.00065 -0.00183 -0.00090
   1.64558  0.61676  0.00086 -0.88180  0.002106  0.000843  0.001474    2.4966    1.5852  0.00066 -0.00186 -0.00092
   1.66036  0.63154  0.00119 -0.88263  0.002131  0.000854  0.001458    2.4960    1.5853  0.00067 -0.00188 -0.00093
   1.67514  0.64632  0.00150 -0.88345  0.002156  0.000864  0.001444    2.4952    1.5854  0.00067 -0.00190 -0.00094
   1.68992  0.66109  0.00179 -0.88428  0.002179  0.000874  0.001431    2.4941    1.5855  0.00068 -0.00193 -0.00096
   1.70469  0.67586  0.00206 -0.88513  0.002202  0.000883  0.001421    2.4924    1.5857  0.00069 -0.00195 -0.00097
   1.71946  0.69062  0.00231 -0.88600  0.002224  0.000893  0.001411    2.4903    1.5859  0.00070 -0.00197 -0.00098
   1.73423  0.70539  0.00253 -0.88688  0.002245  0.000902  0.001403    2.4881    1.5862  0.00071 -0.00199 -0.00100
   1.74899  0.72016  0.00273 -0.88777  0.002265  0.000911  0.001395    2.4860    1.5864  0.00072 -0.00201 -0.00101
   1.76375  0.73492  0.00291 -0.88865  0.002286  0.000920  0.001386    2.4841    1.5866  0.00073 -0.00203 -0.00102
   1.77850  0.74967  0.00307 -0.88955  0.002305  0.000929  0.001379    2.4819    1.5869  0.00073 -0.00205 -0.00104
   1.79325  0.76441  0.00320 -0.89049  0.002323  0.000937  0.001374    2.4792    1.5872  0.00074 -0.00207 -0.00105
   1.80799  0.77915  0.00330 -0.89148  0.002340  0.000945  0.001371    2.4755    1.5876  0.00075 -0.00209 -0.00106
   1.82273  0.79389  0.00337 -0.89252  0.002355  0.000953  0.001369    2.4715    1.5881  0.00076 -0.00210 -0.00108
   1.83747  0.80863  0.00342 -0.89358  0.002370  0.000961  0.001368    2.4674    1.5885  0.00077 -0.00212 -0.00109
   1.85219  0.82335  0.00343 -0.89465  0.002385  0.000968  0.001367    2.4638    1.5889  0.00077 -0.00213 -0.00110
   1.86690  0.83806  0.00342 -0.89577  0.002399  0.000975  0.001366    2.4597    1.5894  0.00078 -0.00215 -0.00111
   1.88159  0.85275  0.00337 -0.89698  0.002409  0.000982  0.001370    2.4542    1.5901  0.00079 -0.00216 -0.00113
   1.89627  0.86743  0.00328 -0.89833  0.002417  0.000988  0.001378    2.4468    1.5909  0.00080 -0.00217 -0.00114
   1.91096  0.88211  0.00315 -0.89982  0.002421  0.000993  0.001391    2.4379    1.5920  0.00080 -0.00218 -0.00115
   1.92562  0.89678  0.00298 -0.90141  0.002424  0.000998  0.001405    2.4289    1.5931  0.00081 -0.00218 -0.00116
   1.94024  0.91140  0.00277 -0.90313  0.002424  0.001002  0.001422    2.4188    1.5943  0.00082 -0.00219 -0.00118
   1.95482  0.92598  0.00250 -0.90518  0.002416  0.001005  0.001450    2.4047    1.5961  0.00082 -0.00219 -0.00119
   1.96939  0.94054  0.00218 -0.90764  0.002400  0.001006  0.001491    2.3861    1.5984  0.00083 -0.00218 -0.00120
   1.98386  0.95501  0.00181 -0.91017  0.002386  0.001007  0.001528    2.3699    1.6006  0.00083 -0.00217 -0.00122
   1.99797  0.96911  0.00139 -0.91260  0.002377  0.001008  0.001556    2.3581    1.6021  0.00084 -0.00217 -0.00123
   2.01103  0.98216  0.00092 -0.91498  0.002368  0.001009  0.001583    2.3469    1.6037  0.00084 -0.00217 -0.00124
   2.02186  0.99298  0.00042 -0.91815  0.002331  0.001004  0.001655    2.3206    1.6073  0.00085 -0.00214 -0.00125
   2.02889  1.00000  0.00000 -0.91846  0.002356  0.001010  0.001618    2.3333    1.5920  0.00085 -0.00216 -0.00125
   2.02889  1.00010 -0.00001  0.91846  0.011492  0.006347  0.000000    1.8105
   2.03593  1.00711 -0.00065  0.92924  0.010522  0.006074  0.000000    1.7324
   2.04404  1.01519 -0.00129  0.93452  0.010029  0.005947  0.000000    1.6863
   2.05338  1.02451 -0.00195  0.93920  0.009600  0.005840  0.000000    1.6439
   2.06415  1.03526 -0.00265  0.94346  0.009211  0.005745  0.000000    1.6035
   2.07656  1.04764 -0.00337  0.94746  0.008849  0.005658  0.000000    1.5640
   2.09086  1.06192 -0.00412  0.95127  0.008506  0.005578  0.000000    1.5249
   2.10734  1.07838 -0.00489  0.95493  0.008179  0.005504  0.000000    1.4861
   2.12633  1.09736 -0.00567  0.95844  0.007866  0.005434  0.000000    1.4475
   2.14821  1.11923 -0.00645  0.96182  0.007566  0.005369  0.000000    1.4093
   2.17343  1.14443 -0.00722  0.96507  0.007281  0.005308  0.000000    1.3717
   2.20249  1.17348 -0.00793  0.96818  0.007009  0.005251  0.000000    1.3349
   2.23598  1.20697 -0.00857  0.97117  0.006753  0.005197  0.000000    1.2993
   2.27457  1.24556 -0.00910  0.97401  0.006513  0.005148  0.000000    1.2652
   2.31904  1.29003 -0.00945  0.97671  0.006290  0.005102  0.000000    1.2329
   2.37029  1.34128 -0.00958  0.97926  0.006085  0.005059  0.000000    1.2028
   2.42935  1.40033 -0.00940  0.98164  0.005899  0.005020  0.000000    1.1751
   2.49741  1.46839 -0.00881  0.98386  0.005732  0.004984  0.000000    1.1500
   2.57584  1.54681 -0.00772  0.98591  0.005584  0.004952  0.000000    1.1276
   2.66622  1.63718 -0.00599  0.98778  0.005454  0.004923  0.000000    1.1080
   2.77037  1.74130 -0.00345  0.98948  0.005343  0.004897  0.000000    1.0912
   2.89039  1.86127  0.00008  0.99099  0.005248  0.004874  0.000000    1.0769
   3.02871  1.99950  0.00480  0.99257  0.005164  0.004850  0.000000    1.0649
