#    s        x        y     Ue/Vinf    Dstar     Theta      Cf       H       H*        P         m          K          tau         Di
   0.00000  1.00000  0.00126  0.94243  0.009769  0.005526  0.001695    1.7678    1.6431  0.00491  0.00921  0.00760
   0.00840  0.99168  0.00242  0.94944  0.009371  0.005366  0.001796    1.7462    1.6490  0.00484  0.00890  0.00757
   0.01982  0.98037  0.00398  0.95979  0.008821  0.005142  0.001953    1.7155    1.6578  0.00474  0.00847  0.00754
   0.03304  0.96727  0.00576  0.97093  0.008287  0.004913  0.002121    1.6868    1.6665  0.00463  0.00805  0.00749
   0.04772  0.95272  0.00771  0.98243  0.007787  0.004688  0.002293    1.6609    1.6746  0.00453  0.00765  0.00744
   0.06337  0.93720  0.00974  0.99378  0.007337  0.004477  0.002463    1.6387    1.6819  0.00442  0.00729  0.00739
   0.07959  0.92112  0.01182  1.00466  0.006939  0.004283  0.002624    1.6200    1.6883  0.00432  0.00697  0.00733
   0.09610  0.90474  0.01389  1.01497  0.006590  0.004107  0.002776    1.6046    1.6937  0.00423  0.00669  0.00727
   0.11275  0.88821  0.01594  1.02469  0.006281  0.003946  0.002919    1.5918    1.6984  0.00414  0.00644  0.00721
   0.12949  0.87160  0.01796  1.03389  0.006006  0.003798  0.003053    1.5812    1.7025  0.00406  0.00621  0.00715
   0.14626  0.85494  0.01994  1.04262  0.005757  0.003662  0.003179    1.5722    1.7060  0.00398  0.00600  0.00708
   0.16305  0.83827  0.02189  1.05096  0.005531  0.003535  0.003300    1.5647    1.7090  0.00390  0.00581  0.00701
   0.17984  0.82158  0.02381  1.05896  0.005322  0.003416  0.003415    1.5583    1.7117  0.00383  0.00564  0.00694
   0.19665  0.80488  0.02569  1.06668  0.005129  0.003303  0.003526    1.5527    1.7141  0.00376  0.00547  0.00687
   0.21346  0.78817  0.02753  1.07418  0.004947  0.003196  0.003634    1.5480    1.7163  0.00369  0.00531  0.00680
   0.23027  0.77146  0.02934  1.08148  0.004776  0.003094  0.003739    1.5439    1.7182  0.00362  0.00517  0.00672
   0.24707  0.75475  0.03111  1.08863  0.004614  0.002996  0.003842    1.5403    1.7200  0.00355  0.00502  0.00665
   0.26388  0.73803  0.03284  1.09567  0.004459  0.002901  0.003945    1.5371    1.7217  0.00348  0.00489  0.00657
   0.28068  0.72132  0.03453  1.10261  0.004311  0.002810  0.004047    1.5343    1.7232  0.00342  0.00475  0.00649
   0.29748  0.70460  0.03619  1.10948  0.004167  0.002721  0.004149    1.5317    1.7246  0.00335  0.00462  0.00641
   0.31427  0.68789  0.03781  1.11632  0.004029  0.002634  0.004252    1.5294    1.7260  0.00328  0.00450  0.00632
   0.33105  0.67118  0.03938  1.12312  0.003894  0.002550  0.004356    1.5273    1.7274  0.00322  0.00437  0.00624
   0.34783  0.65447  0.04092  1.12993  0.003763  0.002467  0.004461    1.5254    1.7287  0.00315  0.00425  0.00615
   0.36460  0.63777  0.04241  1.13674  0.003636  0.002386  0.004569    1.5236    1.7300  0.00308  0.00413  0.00606
   0.38135  0.62108  0.04387  1.14358  0.003511  0.002307  0.004680    1.5218    1.7313  0.00302  0.00401  0.00597
   0.39809  0.60440  0.04527  1.15046  0.003388  0.002229  0.004794    1.5201    1.7326  0.00295  0.00390  0.00588
   0.41482  0.58772  0.04663  1.15738  0.003268  0.002152  0.004912    1.5184    1.7339  0.00288  0.00378  0.00579
   0.43154  0.57106  0.04794  1.16438  0.003150  0.002077  0.005034    1.5168    1.7352  0.00282  0.00367  0.00569
   0.44823  0.55441  0.04920  1.17144  0.003033  0.002002  0.005161    1.5151    1.7366  0.00275  0.00355  0.00559
   0.46491  0.53778  0.05041  1.17858  0.002918  0.001928  0.005294    1.5133    1.7380  0.00268  0.00344  0.00549
   0.48157  0.52116  0.05156  1.18582  0.002805  0.001856  0.005433    1.5115    1.7396  0.00261  0.00333  0.00538
   0.49820  0.50456  0.05265  1.19316  0.002693  0.001784  0.005579    1.5096    1.7411  0.00254  0.00321  0.00528
   0.51481  0.48798  0.05368  1.20060  0.002583  0.001713  0.005733    1.5076    1.7428  0.00247  0.00310  0.00517
   0.53140  0.47143  0.05465  1.20815  0.002474  0.001643  0.005896    1.5055    1.7446  0.00240  0.00299  0.00505
   0.54796  0.45489  0.05555  1.21583  0.002366  0.001574  0.006068    1.5033    1.7464  0.00233  0.00288  0.00494
   0.56448  0.43839  0.05639  1.22362  0.002259  0.001505  0.006250    1.5010    1.7484  0.00225  0.00276  0.00482
   0.58098  0.42191  0.05714  1.23155  0.002154  0.001437  0.006443    1.4987    1.7504  0.00218  0.00265  0.00470
   0.59744  0.40546  0.05782  1.23961  0.002050  0.001370  0.006645    1.4965    1.7524  0.00210  0.00254  0.00457
   0.61386  0.38905  0.05842  1.24779  0.001948  0.001303  0.006857    1.4945    1.7545  0.00203  0.00243  0.00444
   0.63024  0.37268  0.05893  1.25610  0.001847  0.001237  0.007077    1.4930    1.7565  0.00195  0.00232  0.00431
   0.64657  0.35635  0.05935  1.26453  0.001750  0.001172  0.007298    1.4925    1.7583  0.00187  0.00221  0.00417
   0.66286  0.34007  0.05967  1.27308  0.001655  0.001108  0.007512    1.4938    1.7595  0.00180  0.00211  0.00402
   0.67910  0.32383  0.05989  1.28171  0.001565  0.001045  0.007701    1.4983    1.7599  0.00172  0.00201  0.00387
   0.69527  0.30766  0.06000  1.29042  0.001482  0.000983  0.007831    1.5083    1.7585  0.00164  0.00191  0.00371
   0.71139  0.29154  0.06000  1.29922  0.001410  0.000922  0.007841    1.5285    1.7540  0.00156  0.00183  0.00355
   0.72743  0.27550  0.05988  1.30814  0.001353  0.000864  0.007637    1.5663    1.7442  0.00148  0.00177  0.00337
   0.74340  0.25953  0.05963  1.31723  0.001322  0.000809  0.007091    1.6342    1.7246  0.00140  0.00174  0.00319
   0.75928  0.24366  0.05924  1.32718  0.001333  0.000756  0.006536    1.7626    1.6915  0.00133  0.00177  0.00299
   0.77506  0.22788  0.05871  1.34002  0.001412  0.000703  0.005217    2.0090    1.6405  0.00126  0.00189  0.00278
   0.79074  0.21222  0.05803  1.36179  0.001587  0.000640  0.003069    2.4811    1.5759  0.00119  0.00216  0.00255
   0.80628  0.19670  0.05718  1.39313  0.001801  0.000565  0.001024    3.1850    1.5291  0.00110  0.00251  0.00234
   0.82167  0.18135  0.05616  1.40732  0.001861  0.000533  0.000458    3.4935    1.5319  0.00106  0.00262  0.00227
   0.83688  0.16619  0.05497  1.41827  0.001830  0.000509  0.000313    3.5955    1.5305  0.00102  0.00260  0.00222
   0.85186  0.15127  0.05358  1.43072  0.001755  0.000484  0.000278    3.6293    1.5301  0.00099  0.00251  0.00217
   0.86655  0.13666  0.05200  1.44451  0.001655  0.000457  0.000311    3.6204    1.5302  0.00095  0.00239  0.00211
   0.88087  0.12246  0.05022  1.45970  0.001541  0.000430  0.000403    3.5840    1.5306  0.00092  0.00225  0.00205
   0.89470  0.10877  0.04824  1.47636  0.001420  0.000402  0.000552    3.5304    1.5314  0.00088  0.00210  0.00198
   0.90789  0.09575  0.04609  1.49450  0.001297  0.000374  0.000763    3.4667    1.5324  0.00084  0.00194  0.00191
   0.92028  0.08358  0.04381  1.51404  0.001177  0.000346  0.001044    3.3977    1.5337  0.00079  0.00178  0.00184
   0.93169  0.07242  0.04142  1.53476  0.001061  0.000319  0.001409    3.3265    1.5353  0.00075  0.00163  0.00177
   0.94200  0.06239  0.03900  1.55634  0.000954  0.000293  0.001872    3.2550    1.5372  0.00071  0.00148  0.00170
   0.95118  0.05354  0.03659  1.57842  0.000854  0.000268  0.002450    3.1842    1.5394  0.00067  0.00135  0.00162
   0.95926  0.04581  0.03424  1.60064  0.000764  0.000245  0.003164    3.1148    1.5419  0.00063  0.00122  0.00155
   0.96635  0.03910  0.03196  1.62272  0.000683  0.000224  0.004036    3.0471    1.5447  0.00059  0.00111  0.00148
   0.97255  0.03329  0.02976  1.64441  0.000610  0.000205  0.005094    2.9811    1.5478  0.00055  0.00100  0.00141
   0.97802  0.02826  0.02764  1.66550  0.000544  0.000187  0.006374    2.9168    1.5512  0.00052  0.00091  0.00134
   0.98286  0.02387  0.02560  1.68572  0.000485  0.000170  0.007917    2.8542    1.5549  0.00048  0.00082  0.00127
   0.98718  0.02003  0.02361  1.70473  0.000432  0.000155  0.009777    2.7930    1.5590  0.00045  0.00074  0.00119
   0.99107  0.01666  0.02167  1.72203  0.000383  0.000140  0.012013    2.7332    1.5633  0.00042  0.00066  0.00112
   0.99460  0.01369  0.01977  1.73687  0.000340  0.000127  0.014696    2.6747    1.5680  0.00038  0.00059  0.00104
   0.99781  0.01108  0.01789  1.74817  0.000300  0.000115  0.017898    2.6176    1.5731  0.00035  0.00053  0.00096
   1.00078  0.00879  0.01602  1.75435  0.000265  0.000103  0.021682    2.5620    1.5784  0.00032  0.00047  0.00088
   1.00352  0.00678  0.01415  1.75318  0.000234  0.000093  0.026077    2.5082    1.5840  0.00029  0.00041  0.00080
   1.00607  0.00505  0.01227  1.74167  0.000206  0.000084  0.031033    2.4566    1.5898  0.00025  0.00036  0.00070
   1.00847  0.00358  0.01038  1.71594  0.000182  0.000076  0.036349    2.4079    1.5957  0.00022  0.00031  0.00061
   1.01072  0.00236  0.00848  1.67154  0.000162  0.000069  0.041598    2.3630    1.6015  0.00019  0.00027  0.00051
   1.01286  0.00140  0.00657  1.60419  0.000146  0.000063  0.046079    2.3228    1.6070  0.00016  0.00023  0.00042
   1.01490  0.00070  0.00466  1.51134  0.000134  0.000058  0.048911    2.2888    1.6119  0.00013  0.00020  0.00033
   1.01685  0.00024  0.00276  1.39355  0.000125  0.000055  0.049409    2.2606    1.6162  0.00011  0.00017  0.00024
   1.01872  0.00003  0.00091  1.25675  0.000121  0.000054  0.046995    2.2444    1.6187  0.00008  0.00015  0.00017
   1.02053  0.00003 -0.00091  1.10921  0.000118  0.000053  0.042715    2.2348    1.6202  0.00007  0.00013  0.00012
   1.02240  0.00024 -0.00276  0.94725  0.000117  0.000053  0.037137    2.2234    1.6220  0.00005  0.00011  0.00007
   1.02434  0.00070 -0.00466  0.77419  0.000119  0.000054  0.030089    2.2172    1.6231  0.00003  0.00009  0.00004
   1.02638  0.00140 -0.00657  0.59884  0.000123  0.000056  0.022587    2.2123    1.6239  0.00002  0.00007  0.00002
   1.02852  0.00236 -0.00848  0.42944  0.000130  0.000059  0.015285    2.2157    1.6233  0.00001  0.00006  0.00001
   1.03078  0.00358 -0.01038  0.27167  0.000139  0.000063  0.009056    2.2143    1.6235  0.00000  0.00004  0.00000
   1.03317  0.00505 -0.01227  0.12842  0.000148  0.000066  0.003939    2.2347    1.6202  0.00000  0.00002  0.00000
   1.03573  0.00678 -0.01415  0.00083  0.000171  0.000077  0.000022    2.2295    1.6211  0.00000  0.00000  0.00000
   1.03847  0.00879 -0.01602 -0.11180  0.000171  0.000077  0.002984    2.2295    1.6211  0.00000 -0.00002 -0.00000
   1.04143  0.01108 -0.01789 -0.21241  0.000195  0.000086  0.004821    2.2644    1.6156  0.00000 -0.00004 -0.00000
   1.04465  0.01369 -0.01977 -0.30040  0.000210  0.000094  0.006476    2.2409    1.6192  0.00001 -0.00006 -0.00000
   1.04817  0.01666 -0.02167 -0.37954  0.000231  0.000102  0.007208    2.2734    1.6142  0.00001 -0.00009 -0.00001
   1.05206  0.02003 -0.02361 -0.44969  0.000251  0.000111  0.007896    2.2697    1.6148  0.00002 -0.00011 -0.00002
   1.05638  0.02387 -0.02560 -0.51330  0.000275  0.000120  0.008111    2.2860    1.6123  0.00003 -0.00014 -0.00003
   1.06122  0.02826 -0.02764 -0.57070  0.000299  0.000131  0.008217    2.2932    1.6113  0.00004 -0.00017 -0.00004
   1.06669  0.03329 -0.02976 -0.62308  0.000327  0.000142  0.008131    2.3041    1.6097  0.00006 -0.00020 -0.00006
   1.07290  0.03910 -0.03196 -0.67094  0.000357  0.000154  0.007943    2.3139    1.6083  0.00007 -0.00024 -0.00007
   1.07998  0.04581 -0.03424 -0.71476  0.000390  0.000168  0.007668    2.3241    1.6068  0.00009 -0.00028 -0.00010
   1.08806  0.05354 -0.03659 -0.75477  0.000427  0.000183  0.007335    2.3344    1.6054  0.00010 -0.00032 -0.00013
   1.09724  0.06239 -0.03900 -0.79104  0.000466  0.000199  0.006966    2.3447    1.6040  0.00012 -0.00037 -0.00016
   1.10756  0.07242 -0.04142 -0.82356  0.000509  0.000216  0.006578    2.3549    1.6026  0.00015 -0.00042 -0.00019
   1.11897  0.08358 -0.04381 -0.85230  0.000554  0.000234  0.006191    2.3651    1.6012  0.00017 -0.00047 -0.00023
   1.13135  0.09575 -0.04609 -0.87732  0.000601  0.000253  0.005816    2.3750    1.5999  0.00019 -0.00053 -0.00027
   1.14454  0.10877 -0.04824 -0.89883  0.000650  0.000272  0.005463    2.3846    1.5986  0.00022 -0.00058 -0.00032
   1.15837  0.12246 -0.05022 -0.91718  0.000699  0.000292  0.005135    2.3939    1.5974  0.00025 -0.00064 -0.00036
   1.17269  0.13666 -0.05200 -0.93274  0.000748  0.000311  0.004834    2.4030    1.5963  0.00027 -0.00070 -0.00040
   1.18738  0.15127 -0.05358 -0.94591  0.000797  0.000330  0.004559    2.4119    1.5952  0.00030 -0.00075 -0.00045
   1.20236  0.16619 -0.05497 -0.95706  0.000846  0.000350  0.004307    2.4206    1.5941  0.00032 -0.00081 -0.00049
   1.21757  0.18135 -0.05616 -0.96649  0.000895  0.000368  0.004077    2.4291    1.5930  0.00034 -0.00087 -0.00053
   1.23296  0.19670 -0.05718 -0.97446  0.000944  0.000387  0.003865    2.4377    1.5920  0.00037 -0.00092 -0.00057
   1.24851  0.21222 -0.05803 -0.98121  0.000992  0.000406  0.003669    2.4461    1.5910  0.00039 -0.00097 -0.00061
   1.26418  0.22788 -0.05871 -0.98689  0.001040  0.000424  0.003489    2.4546    1.5900  0.00041 -0.00103 -0.00065
   1.27996  0.24366 -0.05924 -0.99167  0.001089  0.000442  0.003321    2.4630    1.5890  0.00043 -0.00108 -0.00068
   1.29584  0.25953 -0.05963 -0.99566  0.001137  0.000460  0.003165    2.4714    1.5881  0.00046 -0.00113 -0.00072
   1.31181  0.27550 -0.05988 -0.99898  0.001185  0.000478  0.003019    2.4799    1.5871  0.00048 -0.00118 -0.00076
   1.32785  0.29154 -0.06000 -1.00170  0.001233  0.000496  0.002883    2.4884    1.5861  0.00050 -0.00124 -0.00079
   1.34397  0.30766 -0.06000 -1.00391  0.001281  0.000513  0.002756    2.4970    1.5852  0.00052 -0.00129 -0.00082
   1.36015  0.32383 -0.05989 -1.00566  0.001330  0.000531  0.002636    2.5056    1.5843  0.00054 -0.00134 -0.00086
   1.37638  0.34007 -0.05967 -1.00700  0.001378  0.000548  0.002523    2.5143    1.5833  0.00056 -0.00139 -0.00089
   1.39267  0.35635 -0.05935 -1.00800  0.001426  0.000565  0.002417    2.5230    1.5824  0.00057 -0.00144 -0.00092
   1.40900  0.37268 -0.05893 -1.00867  0.001475  0.000583  0.002316    2.5318    1.5815  0.00059 -0.00149 -0.00095
   1.42538  0.38905 -0.05842 -1.00907  0.001524  0.000600  0.002221    2.5407    1.5805  0.00061 -0.00154 -0.00097
   1.44181  0.40546 -0.05782 -1.00922  0.001573  0.000617  0.002131    2.5496    1.5796  0.00063 -0.00159 -0.00100
   1.45826  0.42191 -0.05714 -1.00914  0.001622  0.000634  0.002045    2.5587    1.5787  0.00065 -0.00164 -0.00103
   1.47476  0.43839 -0.05639 -1.00886  0.001672  0.000651  0.001964    2.5680    1.5778  0.00066 -0.00169 -0.00105
   1.49129  0.45489 -0.05555 -1.00840  0.001722  0.000668  0.001886    2.5773    1.5769  0.00068 -0.00174 -0.00108
   1.50784  0.47143 -0.05465 -1.00777  0.001772  0.000685  0.001812    2.5869    1.5759  0.00070 -0.00179 -0.00111
   1.52443  0.48798 -0.05368 -1.00699  0.001823  0.000702  0.001740    2.5967    1.5750  0.00071 -0.00184 -0.00113
   1.54104  0.50456 -0.05265 -1.00607  0.001874  0.000719  0.001672    2.6067    1.5741  0.00073 -0.00189 -0.00115
   1.55768  0.52116 -0.05156 -1.00502  0.001926  0.000736  0.001605    2.6172    1.5731  0.00074 -0.00194 -0.00118
   1.57433  0.53778 -0.05041 -1.00384  0.001979  0.000753  0.001541    2.6280    1.5721  0.00076 -0.00199 -0.00120
   1.59101  0.55441 -0.04920 -1.00255  0.002033  0.000770  0.001479    2.6394    1.5711  0.00077 -0.00204 -0.00122
   1.60771  0.57106 -0.04794 -1.00114  0.002087  0.000787  0.001418    2.6514    1.5700  0.00079 -0.00209 -0.00124
   1.62442  0.58772 -0.04663 -0.99961  0.002143  0.000805  0.001358    2.6643    1.5689  0.00080 -0.00214 -0.00126
   1.64115  0.60440 -0.04527 -0.99797  0.002201  0.000822  0.001298    2.6782    1.5677  0.00082 -0.00220 -0.00128
   1.65789  0.62108 -0.04387 -0.99621  0.002261  0.000839  0.001238    2.6933    1.5665  0.00083 -0.00225 -0.00130
   1.67465  0.63777 -0.04241 -0.99432  0.002323  0.000857  0.001178    2.7101    1.5651  0.00085 -0.00231 -0.00132
   1.69141  0.65447 -0.04092 -0.99229  0.002389  0.000875  0.001117    2.7289    1.5637  0.00086 -0.00237 -0.00134
   1.70819  0.67118 -0.03938 -0.99012  0.002458  0.000894  0.001054    2.7503    1.5621  0.00088 -0.00243 -0.00136
   1.72497  0.68789 -0.03781 -0.98779  0.002533  0.000913  0.000988    2.7751    1.5602  0.00089 -0.00250 -0.00137
   1.74177  0.70460 -0.03619 -0.98528  0.002614  0.000932  0.000919    2.8041    1.5582  0.00090 -0.00258 -0.00139
   1.75856  0.72132 -0.03453 -0.98258  0.002703  0.000952  0.000846    2.8388    1.5559  0.00092 -0.00266 -0.00141
   1.77536  0.73803 -0.03284 -0.97966  0.002804  0.000973  0.000767    2.8810    1.5533  0.00093 -0.00275 -0.00142
   1.79217  0.75475 -0.03111 -0.97652  0.002919  0.000995  0.000680    2.9330    1.5503  0.00095 -0.00285 -0.00144
   1.80898  0.77146 -0.02934 -0.97315  0.003052  0.001018  0.000586    2.9983    1.5470  0.00096 -0.00297 -0.00145
   1.82579  0.78817 -0.02753 -0.96957  0.003210  0.001042  0.000484    3.0816    1.5432  0.00098 -0.00311 -0.00147
   1.84259  0.80488 -0.02569 -0.96584  0.003401  0.001067  0.000373    3.1889    1.5392  0.00099 -0.00328 -0.00148
   1.85940  0.82158 -0.02381 -0.96206  0.003633  0.001092  0.000257    3.3284    1.5352  0.00101 -0.00350 -0.00149
   1.87620  0.83827 -0.02189 -0.95842  0.003917  0.001116  0.000140    3.5096    1.5317  0.00103 -0.00375 -0.00150
   1.89299  0.85494 -0.01994 -0.95510  0.004262  0.001139  0.000032    3.7425    1.5291  0.00104 -0.00407 -0.00152
   1.90976  0.87160 -0.01796 -0.95223  0.004676  0.001159 -0.000058    4.0346    1.5281  0.00105 -0.00445 -0.00153
   1.92649  0.88821 -0.01594 -0.94975  0.005164  0.001177 -0.000118    4.3866    1.5280  0.00106 -0.00490 -0.00154
   1.94315  0.90474 -0.01389 -0.94764  0.005725  0.001193 -0.000149    4.7977    1.5286  0.00107 -0.00543 -0.00155
   1.95966  0.92112 -0.01182 -0.94597  0.006359  0.001207 -0.000156    5.2696    1.5304  0.00108 -0.00602 -0.00156
   1.97587  0.93720 -0.00974 -0.94472  0.007056  0.001217 -0.000153    5.7963    1.5334  0.00109 -0.00667 -0.00157
   1.99152  0.95272 -0.00771 -0.94384  0.007797  0.001225 -0.000147    6.3631    1.5376  0.00109 -0.00736 -0.00158
   2.00620  0.96727 -0.00576 -0.94325  0.008546  0.001231 -0.000142    6.9438    1.5425  0.00110 -0.00806 -0.00159
   2.01942  0.98037 -0.00398 -0.94287  0.009257  0.001234 -0.000138    7.4998    1.5478  0.00110 -0.00873 -0.00160
   2.03084  0.99168 -0.00242 -0.94263  0.009893  0.001236 -0.000136    8.0014    1.5530  0.00110 -0.00933 -0.00161
   2.03924  1.00000 -0.00126 -0.94243  0.010283  0.001238 -0.000134    8.3026    1.5752  0.00110 -0.00969 -0.00163
   2.03924  1.00010 -0.00000  0.94243  0.022547  0.006765  0.000000    3.3331
   2.04764  1.00850  0.00002  0.93659  0.021446  0.006987  0.000000    3.0695
   2.05721  1.01807  0.00008  0.93173  0.020061  0.007168  0.000000    2.7985
   2.06811  1.02897  0.00019  0.92820  0.018557  0.007297  0.000000    2.5432
   2.08053  1.04139  0.00034  0.92645  0.016994  0.007358  0.000000    2.3096
   2.09468  1.05553  0.00056  0.92674  0.015442  0.007348  0.000000    2.1014
   2.11079  1.07164  0.00084  0.92908  0.013966  0.007274  0.000000    1.9199
   2.12915  1.08999  0.00121  0.93318  0.012622  0.007152  0.000000    1.7648
   2.15005  1.11090  0.00167  0.93852  0.011443  0.007003  0.000000    1.6340
   2.17387  1.13471  0.00226  0.94448  0.010438  0.006846  0.000000    1.5246
   2.20100  1.16183  0.00300  0.95058  0.009597  0.006695  0.000000    1.4335
   2.23190  1.19272  0.00392  0.95644  0.008900  0.006556  0.000000    1.3576
   2.26711  1.22790  0.00504  0.96189  0.008326  0.006433  0.000000    1.2942
   2.30721  1.26798  0.00643  0.96685  0.007853  0.006326  0.000000    1.2413
   2.35289  1.31363  0.00813  0.97129  0.007463  0.006234  0.000000    1.1972
   2.40493  1.36562  0.01019  0.97524  0.007141  0.006154  0.000000    1.1605
   2.46420  1.42484  0.01269  0.97875  0.006877  0.006085  0.000000    1.1303
   2.53172  1.49230  0.01571  0.98184  0.006661  0.006025  0.000000    1.1056
   2.60863  1.56913  0.01935  0.98456  0.006485  0.005974  0.000000    1.0857
   2.69625  1.65663  0.02372  0.98693  0.006343  0.005930  0.000000    1.0697
   2.79605  1.75630  0.02894  0.98898  0.006228  0.005892  0.000000    1.0569
   2.90974  1.86981  0.03516  0.99075  0.006135  0.005860  0.000000    1.0469
   3.03924  1.99911  0.04256  0.99250  0.006055  0.005829  0.000000    1.0389
